(141, 142)
(120, 123)
(105, 107)
(94, 105)
(128, 139)
(110, 118)
(85, 95)
(180, 193)
(121, 133)
(81, 88)
(240, 249)
(136, 146)
(253, 263)
(139, 151)
(99, 110)
(57, 61)
(82, 88)
(107, 118)
(57, 61)
(73, 79)
(128, 75)
(100, 112)
(132, 151)
(264, 167)
(80, 84)
(178, 176)
(51, 54)
(49, 50)
(63, 67)
(144, 160)
(42, 42)
(42, 44)
(44, 45)
(51, 52)
(44, 48)
(76, 81)
(142, 152)
(83, 91)
(59, 64)
(97, 108)
(86, 99)
(81, 86)
(67, 27)
(67, 26)
(63, 25)
(73, 79)
(83, 85)
(93, 98)
(142, 99)
(178, 116)
(160, 106)
(123, 136)
(139, 153)
(130, 145)
(87, 95)
(103, 106)
(96, 99)
(98, 103)
(81, 84)
(91, 92)
(81, 88)
(68, 73)
(74, 83)
(97, 91)
(98, 94)
(96, 88)
(110, 105)
(121, 112)
(97, 91)
(86, 84)
(79, 75)
(151, 170)
(100, 111)
(110, 123)
(72, 74)
(76, 81)
(87, 88)
(110, 122)
(105, 115)
(97, 110)
(45, 49)
(46, 50)
(47, 51)
(75, 84)
(97, 104)
(84, 94)
(69, 74)
(64, 71)
(73, 81)
(110, 122)
(105, 112)
(96, 106)
(171, 189)
(287, 304)
(108, 119)
(104, 108)
(129, 131)
(168, 166)
(184, 203)
(104, 115)
(139, 152)
(121, 132)
(180, 201)
(283, 230)
(81, 84)
(71, 73)
(146, 85)
(142, 91)
(99, 76)
(194, 105)
(192, 123)
(187, 92)
(71, 74)
(115, 120)
(76, 85)
(91, 97)
(76, 87)
(153, 175)
(103, 115)
(106, 110)
(82, 87)
(208, 105)
(203, 146)
(82, 92)
(105, 121)
(59, 62)
(62, 67)
(109, 72)
(135, 56)
(103, 115)
(133, 154)
(260, 183)
(159, 175)
(127, 141)
(99, 111)
(156, 169)
(122, 133)
(99, 111)
(147, 160)
(109, 119)
(87, 96)
(145, 151)
(190, 192)
(112, 119)
(144, 80)
(73, 82)
(63, 73)
(29, 30)
(30, 31)
(29, 30)
(100, 104)
(168, 166)
(71, 73)
(46, 52)
(136, 157)
(70, 79)
(130, 139)
(165, 176)
(224, 239)
(202, 212)
(142, 154)
(96, 105)
(58, 69)
(57, 64)
(49, 55)
(93, 53)
(99, 86)
(110, 110)
(172, 72)
(168, 99)
(49, 49)
(61, 61)
(86, 85)
(179, 194)
(87, 98)
(59, 62)
(63, 68)
(55, 56)
(50, 50)
(156, 157)
(60, 60)
(73, 79)
(151, 168)
(216, 248)
(100, 110)
(312, 349)
(183, 201)
(127, 140)
(122, 132)
(154, 164)
(302, 192)
(166, 187)
(128, 141)
(104, 112)
(116, 104)
(206, 176)
(145, 128)
(75, 79)
(109, 112)
(87, 88)
(98, 107)
(81, 91)
(70, 75)
(53, 59)
(59, 70)
(67, 79)
(134, 140)
(164, 84)
(57, 64)
(153, 179)
(122, 143)
(99, 121)
(146, 82)
(69, 74)
(75, 84)
(79, 80)
(71, 73)
(170, 166)
(95, 98)
(122, 123)
(81, 88)
(92, 96)
(106, 109)
(73, 80)
(79, 84)
(82, 91)
(129, 69)
(131, 45)
(129, 55)
(52, 55)
(51, 57)
(53, 57)
(56, 62)
(116, 115)
(120, 118)
(100, 100)
(121, 135)
(143, 155)
(132, 148)
(64, 71)
(58, 63)
(110, 124)
(97, 110)
(87, 99)
(122, 139)
(115, 128)
(130, 148)
(152, 169)
(122, 135)
(104, 115)
(184, 204)
(98, 111)
(45, 49)
(45, 50)
(46, 49)
(45, 49)
(109, 105)
(91, 86)
(100, 96)
(140, 147)
(119, 128)
(104, 111)
(93, 100)
(121, 131)
(143, 155)
(133, 141)
(71, 74)
(79, 82)
(67, 69)
(172, 184)
(157, 169)
(142, 154)
(167, 111)
(164, 109)
(153, 108)
(141, 154)
(170, 183)
(119, 130)
(104, 112)
(98, 105)
(93, 99)
(146, 158)
(134, 141)
(121, 130)
(98, 111)
(93, 103)
(107, 119)
(92, 98)
(80, 87)
(56, 60)
(111, 117)
(129, 133)
(145, 151)
(104, 116)
(112, 127)
(96, 108)
(128, 63)
(57, 58)
(52, 53)
(143, 64)
(62, 61)
(55, 56)
(88, 92)
(74, 79)
(212, 104)
(54, 54)
(60, 60)
(108, 60)
(96, 98)
(69, 72)
(81, 82)
(88, 94)
(71, 76)
(58, 58)
(67, 68)
(153, 64)
(98, 108)
(79, 88)
(139, 159)
(97, 111)
(119, 135)
(151, 175)
(72, 80)
(86, 95)
(104, 116)
(154, 179)
(109, 120)
(88, 98)
(128, 117)
(116, 106)
(108, 100)
(82, 83)
(100, 100)
(182, 98)
(104, 112)
(131, 143)
(232, 159)
(82, 87)
(98, 105)
(134, 151)
(98, 106)
(76, 83)
(166, 178)
(110, 119)
(84, 88)
(87, 93)
(75, 81)
(117, 122)
(84, 94)
(103, 111)
(70, 76)
(176, 118)
(74, 84)
(87, 106)
(201, 118)
(106, 109)
(83, 94)
(69, 74)
(74, 81)
(81, 88)
(123, 132)
(105, 111)
(115, 123)
(97, 110)
(88, 99)
(116, 130)
(93, 105)
(109, 127)
(76, 92)
(133, 146)
(100, 111)
(83, 93)
(134, 155)
(109, 127)
(88, 100)
(123, 141)
(98, 112)
(83, 94)
(61, 69)
(82, 96)
(71, 82)
(207, 248)
(80, 85)
(50, 52)
(188, 208)
(133, 141)
(108, 120)
(87, 93)
(107, 115)
(142, 153)
(152, 169)
(200, 223)
(287, 304)
(124, 127)
(104, 106)
(158, 157)
(225, 237)
(112, 121)
(74, 82)
(94, 103)
(85, 96)
(87, 98)
(164, 169)
(128, 131)
(92, 94)
(79, 72)
(103, 92)
(131, 112)
(69, 71)
(75, 81)
(243, 100)
(79, 85)
(96, 106)
(123, 134)
(94, 97)
(79, 83)
(71, 75)
(88, 76)
(118, 98)
(159, 131)
(152, 112)
(151, 92)
(57, 63)
(63, 72)
(178, 200)
(105, 112)
(135, 148)
(320, 340)
(214, 231)
(142, 159)
(247, 256)
(160, 172)
(103, 110)
(147, 168)
(120, 130)
(98, 104)
(172, 178)
(128, 133)
(103, 108)
(100, 105)
(129, 129)
(163, 164)
(176, 191)
(98, 107)
(120, 131)
(154, 163)
(68, 74)
(47, 50)
(189, 183)
(133, 130)
(100, 104)
(196, 206)
(145, 154)
(115, 120)
(208, 134)
(108, 117)
(86, 95)
(166, 182)
(129, 141)
(103, 112)
(80, 76)
(97, 96)
(158, 178)
(217, 223)
(145, 154)
(110, 118)
(83, 91)
(116, 124)
(136, 144)
(121, 121)
(164, 156)
(279, 158)
(307, 241)
(81, 88)
(120, 132)
(73, 70)
(74, 73)
(74, 68)
(74, 81)
(167, 176)
(105, 110)
(88, 92)
(83, 83)
(93, 91)
(88, 85)
(69, 68)
(81, 76)
(121, 119)
(120, 116)
(123, 121)
(79, 72)
(84, 79)
(98, 94)
(71, 69)
(87, 83)
(79, 74)
(312, 159)
(314, 122)
(319, 75)
(81, 84)
(98, 99)
(118, 121)
(73, 75)
(69, 68)
(71, 70)
(272, 128)
(106, 107)
(129, 134)
(120, 121)
(163, 157)
(325, 148)
(133, 151)
(104, 118)
(85, 96)
(187, 181)
(136, 135)
(109, 111)
(141, 164)
(85, 98)
(105, 118)
(71, 75)
(82, 85)
(97, 100)
(96, 106)
(120, 129)
(182, 196)
(94, 98)
(188, 191)
(133, 136)
(109, 123)
(159, 177)
(235, 260)
(200, 158)
(260, 202)
(379, 332)
(322, 347)
(159, 169)
(121, 128)
(156, 144)
(83, 83)
(58, 60)
(97, 61)
(91, 57)
(108, 68)
(128, 141)
(123, 135)
(121, 129)
(62, 64)
(87, 88)
(131, 147)
(57, 57)
(57, 57)
(57, 58)
(104, 111)
(110, 120)
(119, 129)
(64, 55)
(68, 55)
(68, 57)
(52, 55)
(55, 55)
(54, 55)
(64, 52)
(54, 43)
(75, 43)
(64, 63)
(52, 52)
(103, 99)
(130, 122)
(84, 85)
(81, 91)
(64, 71)
(110, 119)
(215, 231)
(129, 143)
(87, 97)
(119, 133)
(195, 216)
(199, 206)
(157, 166)
(110, 121)
(124, 132)
(134, 143)
(116, 118)
(218, 238)
(178, 190)
(195, 211)
(115, 122)
(74, 79)
(91, 94)
(96, 98)
(118, 128)
(133, 139)
(153, 163)
(57, 60)
(52, 54)
(81, 84)
(97, 99)
(191, 74)
(99, 108)
(72, 76)
(58, 62)
(56, 56)
(80, 83)
(144, 64)
(104, 118)
(123, 140)
(148, 171)
(95, 112)
(57, 62)
(47, 48)
(56, 55)
(133, 132)
(41, 41)
(145, 135)
(92, 87)
(111, 106)
(83, 87)
(96, 103)
(67, 72)
(81, 80)
(80, 85)
(83, 71)
(73, 75)
(94, 95)
(111, 118)
(96, 99)
(123, 134)
(68, 70)
(123, 85)
(122, 93)
(61, 71)
(88, 96)
(122, 124)
(238, 130)
(109, 117)
(91, 98)
(145, 156)
(73, 74)
(123, 124)
(91, 94)
(98, 95)
(142, 154)
(111, 119)
(112, 118)
(139, 140)
(177, 179)
(124, 128)
(61, 63)
(43, 46)
(190, 112)
(189, 202)
(169, 182)
(158, 169)
(58, 58)
(60, 58)
(60, 58)
(84, 94)
(76, 80)
(81, 84)
(117, 131)
(108, 120)
(98, 111)
(58, 54)
(53, 53)
(54, 55)
(180, 58)
(175, 111)
(181, 88)
(38, 39)
(39, 39)
(39, 38)
(122, 124)
(201, 139)
(81, 80)
(40, 41)
(96, 98)
(50, 54)
(40, 43)
(60, 63)
(151, 160)
(118, 130)
(159, 178)
(309, 206)
(98, 104)
(130, 136)
(236, 96)
(110, 129)
(145, 175)
(314, 199)
(166, 181)
(73, 79)
(47, 48)
(111, 119)
(93, 98)
(75, 83)
(104, 112)
(123, 136)
(200, 211)
(180, 94)
(178, 110)
(179, 120)
(151, 156)
(154, 132)
(153, 144)
(151, 159)
(80, 86)
(56, 60)
(118, 109)
(84, 82)
(64, 64)
(64, 72)
(103, 115)
(231, 241)
(215, 203)
(107, 105)
(71, 71)
(79, 88)
(57, 61)
(176, 194)
(178, 98)
(177, 74)
(178, 124)
(75, 84)
(80, 84)
(72, 82)
(97, 107)
(81, 87)
(92, 99)
(103, 105)
(91, 96)
(82, 84)
(144, 155)
(133, 144)
(127, 134)
(96, 99)
(80, 83)
(85, 93)
(75, 79)
(70, 71)
(85, 86)
(109, 122)
(117, 132)
(123, 140)
(82, 93)
(94, 106)
(86, 98)
(85, 98)
(73, 81)
(177, 95)
(85, 88)
(116, 121)
(202, 116)
(93, 107)
(168, 200)
(319, 216)
(56, 61)
(81, 95)
(160, 192)
(75, 84)
(95, 109)
(120, 134)
(69, 84)
(63, 74)
(184, 118)
(95, 99)
(156, 160)
(117, 122)
(69, 75)
(107, 124)
(87, 97)
(129, 131)
(100, 105)
(322, 192)
(86, 98)
(104, 121)
(55, 63)
(59, 70)
(52, 58)
(86, 95)
(119, 132)
(159, 176)
(70, 70)
(68, 52)
(68, 42)
(91, 100)
(154, 181)
(61, 68)
(159, 183)
(80, 87)
(54, 58)
(56, 61)
(172, 194)
(85, 95)
(175, 206)
(96, 108)
(57, 63)
(256, 296)
(93, 104)
(62, 70)
(40, 48)
(41, 48)
(40, 45)
(262, 158)
(264, 136)
(267, 116)
(93, 105)
(82, 88)
(98, 109)
(205, 207)
(206, 164)
(199, 145)
(79, 86)
(75, 82)
(85, 92)
(91, 98)
(103, 115)
(117, 129)
(108, 121)
(128, 144)
(143, 165)
(131, 153)
(237, 158)
(238, 143)
(241, 128)
(105, 117)
(87, 95)
(98, 107)
(73, 76)
(92, 94)
(82, 85)
(202, 91)
(199, 159)
(203, 129)
(199, 92)
(203, 130)
(208, 99)
(83, 96)
(92, 111)
(107, 119)
(116, 129)
(122, 141)
(98, 110)
(85, 94)
(93, 104)
(71, 73)
(63, 68)
(86, 91)
(481, 172)
(491, 204)
(493, 100)
(131, 119)
(134, 109)
(136, 63)
(116, 122)
(130, 139)
(68, 73)
(47, 52)
(48, 54)
(47, 53)
(82, 87)
(103, 118)
(88, 97)
(55, 59)
(50, 57)
(59, 71)
(154, 164)
(121, 128)
(141, 146)
(79, 93)
(83, 97)
(75, 86)
(62, 69)
(69, 74)
(64, 69)
(147, 146)
(111, 116)
(128, 128)
(63, 69)
(70, 75)
(79, 82)
(95, 98)
(85, 88)
(108, 112)
(203, 124)
(199, 104)
(199, 84)
(120, 120)
(132, 128)
(108, 107)
(85, 94)
(95, 108)
(109, 123)
(61, 68)
(63, 72)
(63, 70)
(103, 116)
(81, 93)
(92, 100)
(75, 100)
(79, 103)
(79, 100)
(142, 163)
(124, 142)
(97, 107)
(75, 79)
(70, 75)
(83, 85)
(43, 35)
(45, 35)
(45, 34)
(32, 28)
(32, 28)
(34, 29)
(31, 36)
(34, 34)
(34, 35)
(165, 55)
(159, 60)
(160, 67)
(88, 98)
(76, 84)
(68, 73)
(96, 98)
(83, 87)
(110, 115)
(88, 93)
(80, 79)
(100, 111)
(67, 72)
(81, 83)
(91, 96)
(91, 97)
(112, 122)
(76, 83)
(100, 109)
(85, 95)
(124, 133)
(105, 92)
(120, 100)
(86, 97)
(74, 81)
(156, 187)
(98, 118)
(84, 99)
(195, 230)
(151, 169)
(109, 122)
(136, 154)
(177, 201)
(111, 130)
(108, 73)
(111, 86)
(73, 83)
(135, 158)
(109, 123)
(87, 95)
(177, 191)
(175, 155)
(169, 118)
(236, 260)
(131, 133)
(96, 93)
(268, 141)
(116, 130)
(97, 106)
(72, 79)
(107, 63)
(107, 95)
(271, 315)
(273, 200)
(130, 136)
(79, 83)
(99, 112)
(203, 108)
(155, 187)
(108, 123)
(74, 85)
(190, 219)
(118, 132)
(82, 93)
(85, 93)
(68, 74)
(110, 127)
(83, 86)
(98, 107)
(127, 132)
(108, 107)
(91, 87)
(141, 132)
(109, 109)
(123, 124)
(334, 171)
(157, 148)
(146, 139)
(116, 110)
(178, 171)
(115, 111)
(86, 85)
(123, 123)
(175, 175)
(284, 287)
(332, 326)
(178, 177)
(103, 106)
(408, 421)
(193, 188)
(131, 124)
(338, 344)
(164, 160)
(104, 99)
(316, 322)
(179, 177)
(108, 107)
(396, 383)
(176, 172)
(123, 124)
(187, 188)
(123, 122)
(87, 86)
(158, 154)
(250, 249)
(112, 110)
(117, 118)
(170, 169)
(309, 307)
(130, 117)
(328, 335)
(184, 172)
(244, 252)
(244, 247)
(248, 211)
(153, 136)
(118, 107)
(94, 85)
(132, 128)
(136, 107)
(135, 118)
(218, 230)
(217, 223)
(219, 217)
(86, 91)
(79, 75)
(82, 83)
(128, 122)
(148, 143)
(98, 93)
(140, 135)
(106, 98)
(93, 86)
(98, 93)
(386, 230)
(388, 232)
(394, 224)
(37, 20)
(37, 21)
(38, 20)
(226, 220)
(292, 290)
(577, 301)
(91, 55)
(92, 71)
(93, 92)
(371, 164)
(171, 163)
(98, 94)
(86, 84)
(107, 105)
(143, 136)
(179, 181)
(123, 123)
(96, 95)
(84, 75)
(86, 92)
(83, 82)
(154, 130)
(156, 155)
(154, 147)
(158, 136)
(160, 159)
(159, 160)
(70, 71)
(79, 71)
(74, 72)
(179, 176)
(179, 167)
(182, 177)
(154, 145)
(159, 159)
(157, 154)
(154, 153)
(148, 144)
(153, 152)
(74, 50)
(63, 44)
(57, 39)
(203, 217)
(212, 226)
(203, 206)
(63, 63)
(61, 60)
(60, 59)
(60, 57)
(60, 58)
(60, 58)
(94, 75)
(94, 75)
(94, 74)
(187, 166)
(180, 163)
(202, 172)
(118, 94)
(117, 94)
(118, 95)
(39, 35)
(40, 35)
(39, 35)
(109, 105)
(111, 105)
(109, 107)
(287, 119)
(287, 154)
(283, 92)
(266, 69)
(254, 242)
(475, 309)
(432, 133)
(163, 156)
(188, 182)
(231, 215)
(74, 75)
(74, 75)
(76, 76)
(148, 151)
(133, 164)
(110, 170)
(444, 250)
(443, 199)
(455, 226)
(109, 104)
(129, 116)
(151, 133)
(105, 92)
(106, 99)
(106, 96)
(120, 91)
(152, 109)
(132, 97)
(144, 133)
(211, 188)
(171, 157)
(156, 155)
(160, 158)
(158, 157)
(304, 140)
(304, 104)
(309, 176)
(122, 122)
(129, 127)
(119, 117)
(62, 92)
(69, 104)
(62, 96)
(223, 223)
(227, 223)
(228, 225)
(264, 253)
(264, 262)
(260, 255)
(264, 238)
(69, 69)
(71, 70)
(69, 69)
(140, 121)
(139, 121)
(143, 132)
(139, 135)
(136, 141)
(166, 177)
(211, 220)
(183, 192)
(157, 167)
(205, 207)
(177, 189)
(135, 140)
(139, 140)
(136, 141)
(478, 236)
(507, 200)
(489, 136)
(252, 112)
(248, 139)
(243, 158)
(60, 33)
(63, 36)
(60, 33)
(61, 35)
(106, 52)
(96, 49)
(118, 56)
(130, 59)
(105, 103)
(105, 99)
(104, 99)
(48, 48)
(52, 51)
(51, 48)
(119, 109)
(156, 145)
(132, 124)
(111, 111)
(110, 110)
(111, 109)
(141, 141)
(141, 142)
(142, 142)
(97, 93)
(103, 97)
(95, 87)
(108, 106)
(120, 118)
(133, 131)
(148, 141)
(172, 159)
(212, 194)
(357, 235)
(355, 212)
(351, 181)
(141, 142)
(120, 119)
(131, 130)
(119, 118)
(135, 136)
(124, 128)
(146, 144)
(147, 145)
(146, 148)
(117, 118)
(148, 145)
(130, 131)
(120, 118)
(117, 117)
(116, 115)
(350, 196)
(357, 216)
(350, 176)
(131, 131)
(112, 115)
(146, 147)
(266, 192)
(267, 235)
(259, 139)
(80, 79)
(79, 76)
(72, 74)
(82, 82)
(86, 81)
(84, 81)
(105, 105)
(134, 135)
(119, 118)
(154, 111)
(116, 88)
(131, 97)
(109, 87)
(122, 96)
(99, 81)
(99, 98)
(93, 93)
(107, 107)
(109, 115)
(129, 123)
(140, 133)
(81, 80)
(86, 88)
(73, 75)
(160, 147)
(134, 127)
(180, 181)
(155, 154)
(499, 517)
(440, 457)
(412, 396)
(248, 205)
(264, 226)
(230, 193)
(511, 267)
(504, 160)
(504, 215)
(93, 91)
(171, 167)
(120, 121)
(130, 121)
(130, 112)
(133, 128)
(139, 140)
(110, 108)
(121, 121)
(307, 392)
(300, 277)
(297, 250)
(134, 121)
(119, 108)
(108, 98)
(155, 139)
(104, 105)
(95, 94)
(86, 84)
(192, 189)
(194, 180)
(200, 187)
(69, 47)
(68, 46)
(68, 47)
(45, 22)
(45, 22)
(45, 22)
(55, 56)
(53, 52)
(55, 52)
(163, 112)
(165, 135)
(165, 122)
(98, 91)
(94, 84)
(107, 96)
(106, 104)
(100, 96)
(117, 110)
(73, 72)
(63, 59)
(56, 52)
(76, 71)
(81, 73)
(73, 68)
(100, 97)
(112, 109)
(130, 123)
(72, 68)
(75, 70)
(70, 63)
(79, 73)
(75, 70)
(81, 76)
(136, 130)
(170, 160)
(236, 204)
(111, 111)
(136, 134)
(172, 168)
(119, 91)
(146, 110)
(206, 151)
(328, 163)
(92, 96)
(84, 79)
(291, 145)
(288, 100)
(284, 177)
(97, 47)
(110, 97)
(106, 80)
(98, 92)
(82, 79)
(69, 63)
(116, 116)
(92, 88)
(199, 189)
(93, 87)
(94, 96)
(96, 97)
(283, 147)
(168, 158)
(169, 157)
(169, 169)
(68, 63)
(81, 82)
(148, 83)
(145, 83)
(242, 143)
(499, 203)
(132, 136)
(132, 130)
(132, 111)
(211, 199)
(211, 193)
(193, 203)
(111, 103)
(154, 144)
(266, 242)
(128, 130)
(228, 226)
(460, 249)
(110, 105)
(183, 168)
(322, 152)
(120, 118)
(148, 142)
(194, 183)
(393, 181)
(232, 144)
(169, 111)
(406, 159)
(108, 105)
(195, 181)
(93, 93)
(157, 146)
(343, 134)
(143, 71)
(140, 115)
(136, 131)
(117, 57)
(142, 83)
(614, 483)
(208, 115)
(202, 213)
(215, 183)
(156, 156)
(122, 117)
(93, 91)
(132, 122)
(203, 178)
(83, 79)
(273, 287)
(168, 171)
(120, 109)
(319, 323)
(314, 240)
(321, 316)
(120, 122)
(139, 135)
(171, 171)
(283, 296)
(97, 71)
(171, 152)
(242, 190)
(286, 217)
(273, 279)
(108, 98)
(107, 105)
(107, 103)
(123, 115)
(165, 143)
(408, 192)
(83, 81)
(99, 94)
(134, 129)
(121, 124)
(121, 117)
(120, 109)
(55, 51)
(54, 55)
(54, 42)
(81, 81)
(83, 86)
(80, 58)
(242, 254)
(247, 261)
(251, 268)
(97, 92)
(91, 86)
(84, 82)
(275, 280)
(263, 265)
(259, 240)
(397, 241)
(395, 280)
(392, 316)
(93, 85)
(96, 72)
(97, 81)
(111, 108)
(70, 70)
(53, 53)
(327, 332)
(118, 116)
(141, 139)
(181, 179)
(187, 148)
(184, 165)
(304, 166)
(310, 157)
(315, 147)
(67, 51)
(68, 54)
(69, 56)
(146, 147)
(219, 204)
(287, 188)
(68, 46)
(82, 59)
(192, 190)
(99, 49)
(82, 75)
(62, 58)
(156, 147)
(157, 143)
(155, 147)
(100, 103)
(148, 143)
(120, 118)
(237, 136)
(172, 111)
(117, 83)
(242, 99)
(109, 117)
(103, 107)
(104, 60)
(127, 72)
(166, 87)
(248, 266)
(253, 287)
(253, 286)
(63, 61)
(61, 60)
(83, 80)
(94, 82)
(91, 73)
(92, 76)
(128, 122)
(98, 95)
(112, 105)
(203, 121)
(199, 117)
(188, 116)
(143, 105)
(146, 98)
(143, 110)
(103, 123)
(86, 111)
(79, 99)
(123, 104)
(103, 80)
(110, 91)
(208, 205)
(194, 204)
(194, 211)
(169, 134)
(206, 155)
(151, 116)
(153, 151)
(133, 132)
(178, 177)
(104, 103)
(92, 92)
(83, 82)
(156, 95)
(127, 76)
(136, 85)
(92, 85)
(81, 74)
(67, 62)
(169, 171)
(188, 193)
(128, 128)
(145, 143)
(301, 288)
(195, 192)
(72, 75)
(108, 106)
(108, 97)
(82, 60)
(67, 48)
(189, 188)
(98, 44)
(82, 71)
(63, 57)
(183, 176)
(116, 111)
(87, 86)
(106, 112)
(136, 142)
(200, 193)
(70, 64)
(70, 69)
(69, 67)
(158, 145)
(92, 96)
(71, 72)
(141, 128)
(139, 131)
(136, 133)
(62, 60)
(116, 74)
(111, 111)
(223, 229)
(218, 182)
(219, 219)
(168, 166)
(117, 116)
(199, 187)
(203, 202)
(206, 202)
(206, 194)
(235, 241)
(230, 242)
(237, 224)
(97, 97)
(129, 129)
(203, 215)
(171, 86)
(143, 74)
(131, 71)
(242, 251)
(156, 148)
(115, 100)
(141, 99)
(172, 118)
(156, 109)
(276, 152)
(275, 127)
(272, 98)
(133, 92)
(141, 94)
(147, 96)
(128, 179)
(120, 178)
(112, 180)
(159, 178)
(159, 177)
(160, 175)
(148, 152)
(145, 146)
(146, 146)
(139, 135)
(141, 136)
(143, 140)
(91, 76)
(93, 71)
(88, 70)
(140, 64)
(146, 72)
(133, 58)
(117, 112)
(115, 109)
(104, 115)
(96, 93)
(95, 91)
(97, 92)
(60, 56)
(63, 61)
(62, 58)
(122, 117)
(121, 120)
(119, 119)
(203, 194)
(203, 203)
(201, 192)
(155, 153)
(158, 155)
(152, 123)
(53, 51)
(45, 43)
(41, 39)
(80, 76)
(106, 106)
(124, 128)
(97, 86)
(118, 103)
(277, 91)
(122, 67)
(163, 107)
(167, 170)
(175, 155)
(172, 180)
(74, 62)
(61, 54)
(96, 79)
(141, 143)
(144, 140)
(152, 117)
(183, 193)
(116, 115)
(142, 141)
(112, 84)
(193, 132)
(139, 97)
(94, 63)
(112, 72)
(159, 96)
(107, 106)
(105, 105)
(105, 103)
(107, 88)
(117, 107)
(111, 115)
(92, 88)
(93, 85)
(92, 92)
(278, 250)
(129, 124)
(99, 94)
(144, 106)
(238, 152)
(106, 76)
(158, 165)
(288, 335)
(115, 116)
(103, 108)
(103, 100)
(99, 106)
(123, 128)
(106, 109)
(207, 155)
(166, 117)
(166, 130)
(164, 139)
(98, 96)
(79, 76)
(143, 141)
(103, 100)
(116, 110)
(109, 106)
(93, 80)
(97, 85)
(88, 79)
(111, 109)
(143, 142)
(194, 190)
(172, 166)
(131, 128)
(110, 107)
(120, 118)
(211, 213)
(152, 148)
(175, 163)
(116, 111)
(229, 215)
(124, 119)
(148, 142)
(189, 176)
(93, 92)
(109, 107)
(134, 134)
(128, 128)
(215, 155)
(97, 94)
(205, 200)
(155, 151)
(111, 108)
(71, 41)
(152, 145)
(107, 105)
(85, 83)
(99, 95)
(110, 107)
(107, 100)
(104, 86)
(95, 82)
(86, 74)
(224, 216)
(187, 179)
(205, 195)
(116, 97)
(96, 82)
(104, 87)
(263, 240)
(268, 218)
(272, 205)
(105, 98)
(99, 93)
(95, 91)
(121, 119)
(98, 96)
(143, 153)
(288, 301)
(178, 179)
(128, 127)
(146, 134)
(117, 108)
(98, 94)
(285, 285)
(191, 193)
(135, 133)
(142, 122)
(141, 143)
(88, 87)
(170, 167)
(236, 237)
(135, 130)
(172, 141)
(128, 134)
(112, 110)
(196, 95)
(72, 71)
(158, 155)
(232, 232)
(130, 130)
(87, 86)
(244, 253)
(183, 187)
(145, 146)
(93, 85)
(133, 117)
(108, 98)
(63, 60)
(67, 69)
(59, 57)
(157, 92)
(157, 123)
(83, 86)
(88, 86)
(159, 95)
(158, 81)
(205, 127)
(99, 103)
(85, 87)
(151, 128)
(148, 139)
(152, 97)
(289, 169)
(156, 155)
(106, 105)
(130, 64)
(61, 63)
(236, 237)
(129, 131)
(106, 103)
(83, 83)
(87, 84)
(109, 108)
(196, 99)
(231, 228)
(152, 151)
(110, 111)
(239, 243)
(157, 158)
(116, 116)
(219, 217)
(99, 97)
(144, 141)
(60, 64)
(205, 98)
(205, 76)
(286, 284)
(192, 192)
(144, 144)
(223, 225)
(175, 176)
(133, 131)
(111, 104)
(92, 85)
(133, 124)
(200, 214)
(157, 163)
(119, 121)
(75, 75)
(86, 87)
(100, 108)
(104, 103)
(127, 129)
(171, 171)
(136, 141)
(94, 95)
(71, 72)
(86, 87)
(87, 87)
(86, 85)
(188, 134)
(187, 129)
(182, 145)
(39, 35)
(37, 34)
(38, 34)
(64, 61)
(88, 83)
(135, 124)
(121, 60)
(132, 68)
(156, 71)
(97, 104)
(71, 71)
(57, 56)
(165, 170)
(166, 135)
(167, 157)
(47, 48)
(70, 63)
(130, 117)
(85, 75)
(95, 95)
(95, 95)
(97, 96)
(160, 157)
(93, 95)
(106, 108)
(62, 59)
(61, 60)
(64, 61)
(80, 84)
(70, 72)
(63, 63)
(88, 88)
(115, 112)
(236, 231)
(172, 175)
(142, 143)
(156, 155)
(98, 95)
(98, 95)
(97, 94)
(75, 75)
(72, 73)
(76, 80)
(82, 84)
(79, 80)
(75, 75)
(88, 87)
(92, 83)
(91, 87)
(80, 80)
(80, 82)
(81, 81)
(115, 111)
(123, 124)
(134, 134)
(81, 80)
(84, 84)
(86, 86)
(83, 84)
(94, 95)
(75, 75)
(68, 68)
(62, 63)
(68, 64)
(64, 63)
(70, 74)
(62, 67)
(64, 62)
(64, 62)
(61, 54)
(62, 52)
(61, 52)
(45, 42)
(43, 40)
(33, 30)
(33, 31)
(34, 34)
(82, 83)
(87, 92)
(85, 86)
(67, 68)
(68, 63)
(67, 63)
(51, 50)
(49, 51)
(51, 49)
(52, 52)
(51, 51)
(50, 52)
(40, 39)
(39, 38)
(40, 38)
(41, 39)
(41, 38)
(41, 39)
(69, 68)
(61, 61)
(63, 58)
(81, 68)
(81, 70)
(82, 68)
(69, 62)
(64, 59)
(67, 61)
(97, 92)
(100, 98)
(99, 98)
(93, 93)
(106, 105)
(44, 35)
(43, 34)
(45, 39)
(45, 44)
(42, 41)
(42, 41)
(41, 41)
(80, 81)
(83, 83)
(75, 75)
(134, 136)
(127, 124)
(117, 116)
(69, 67)
(70, 69)
(67, 62)
(71, 72)
(67, 64)
(71, 68)
(79, 79)
(118, 116)
(124, 123)
(95, 92)
(91, 86)
(85, 83)
(95, 95)
(100, 100)
(91, 88)
(122, 121)
(167, 164)
(141, 139)
(107, 107)
(82, 76)
(92, 85)
(98, 94)
(81, 82)
(85, 86)
(79, 82)
(74, 71)
(79, 73)
(81, 74)
(94, 91)
(91, 82)
(146, 142)
(159, 158)
(91, 84)
(82, 76)
(86, 83)
(178, 170)
(163, 154)
(202, 191)
(272, 159)
(141, 143)
(207, 188)
(88, 91)
(132, 139)
(107, 111)
(151, 154)
(154, 158)
(99, 97)
(123, 121)
(83, 79)
(71, 69)
(64, 62)
(110, 104)
(79, 74)
(93, 85)
(241, 109)
(85, 83)
(122, 118)
(118, 123)
(96, 98)
(82, 85)
(158, 165)
(105, 103)
(124, 130)
(128, 136)
(105, 107)
(86, 87)
(129, 133)
(105, 105)
(87, 88)
(119, 120)
(144, 143)
(84, 87)
(249, 144)
(128, 128)
(103, 98)
(134, 141)
(100, 105)
(85, 85)
(116, 122)
(96, 99)
(192, 123)
(99, 100)
(83, 82)
(104, 93)
(87, 81)
(75, 72)
(397, 349)
(213, 226)
(169, 157)
(175, 147)
(249, 194)
(109, 82)
(107, 109)
(97, 91)
(98, 86)
(208, 217)
(223, 202)
(211, 202)
(95, 96)
(92, 81)
(105, 85)
(674, 527)
(724, 335)
(100, 61)
(72, 72)
(112, 115)
(155, 155)
(63, 67)
(107, 98)
(86, 91)
(116, 115)
(262, 240)
(177, 170)
(167, 163)
(268, 263)
(118, 117)
(98, 92)
(131, 127)
(189, 195)
(248, 253)
(144, 143)
(107, 107)
(98, 100)
(132, 132)
(195, 196)
(104, 96)
(136, 128)
(230, 208)
(91, 92)
(490, 218)
(491, 151)
(91, 88)
(119, 117)
(176, 171)
(91, 92)
(112, 117)
(200, 139)
(154, 151)
(111, 109)
(87, 88)
(91, 85)
(75, 72)
(107, 100)
(97, 91)
(98, 94)
(96, 95)
(167, 169)
(120, 120)
(95, 95)
(44, 43)
(192, 142)
(193, 86)
(252, 231)
(155, 145)
(106, 100)
(88, 87)
(111, 109)
(204, 108)
(248, 232)
(155, 153)
(116, 111)
(254, 259)
(163, 160)
(119, 118)
(79, 75)
(96, 93)
(117, 115)
(134, 139)
(136, 142)
(136, 140)
(320, 320)
(320, 254)
(320, 296)
(56, 56)
(44, 43)
(82, 92)
(81, 76)
(135, 123)
(60, 56)
(98, 96)
(100, 107)
(98, 96)
(26, 26)
(27, 27)
(26, 26)
(48, 46)
(39, 37)
(67, 67)
(219, 214)
(216, 190)
(224, 169)
(99, 104)
(94, 96)
(88, 92)
(54, 39)
(52, 38)
(55, 39)
(207, 188)
(176, 159)
(151, 140)
(111, 110)
(122, 121)
(106, 106)
(71, 63)
(74, 67)
(68, 60)
(189, 190)
(172, 169)
(145, 142)
(157, 154)
(99, 99)
(94, 95)
(67, 64)
(104, 96)
(99, 103)
(96, 97)
(94, 92)
(157, 152)
(123, 119)
(99, 100)
(120, 122)
(238, 148)
(190, 165)
(98, 71)
(181, 192)
(82, 74)
(84, 82)
(83, 91)
(375, 399)
(136, 135)
(104, 104)
(83, 83)
(82, 82)
(84, 85)
(61, 59)
(52, 50)
(82, 81)
(54, 47)
(79, 63)
(60, 51)
(46, 46)
(61, 61)
(112, 112)
(86, 93)
(71, 74)
(60, 58)
(94, 95)
(94, 93)
(92, 93)
(50, 50)
(84, 86)
(206, 231)
(39, 35)
(42, 40)
(37, 31)
(195, 106)
(180, 88)
(168, 79)
(367, 352)
(372, 363)
(369, 371)
(344, 347)
(334, 340)
(325, 327)
(88, 86)
(130, 135)
(217, 202)
(110, 96)
(104, 108)
(123, 123)
(171, 176)
(170, 123)
(175, 158)
(367, 417)
(359, 387)
(359, 398)
(63, 61)
(129, 104)
(85, 84)
(145, 127)
(118, 121)
(154, 156)
(155, 146)
(153, 144)
(159, 159)
(144, 130)
(79, 73)
(56, 54)
(320, 352)
(328, 397)
(328, 446)
(143, 136)
(112, 107)
(94, 91)
(97, 98)
(132, 136)
(111, 115)
(123, 118)
(100, 97)
(83, 81)
(104, 96)
(129, 120)
(135, 130)
(240, 182)
(116, 115)
(239, 105)
(325, 170)
(104, 105)
(61, 54)
(74, 67)
(45, 45)
(56, 56)
(86, 91)
(93, 96)
(60, 59)
(48, 47)
(146, 155)
(146, 148)
(148, 141)
(53, 51)
(69, 68)
(73, 74)
(103, 106)
(104, 98)
(100, 98)
(107, 93)
(107, 85)
(106, 80)
(132, 110)
(136, 99)
(140, 81)
(80, 83)
(84, 86)
(73, 72)
(172, 182)
(172, 184)
(176, 183)
(196, 167)
(194, 175)
(80, 60)
(76, 61)
(76, 63)
(76, 60)
(152, 157)
(133, 139)
(122, 121)
(372, 373)
(375, 379)
(372, 367)
(362, 340)
(159, 165)
(147, 153)
(142, 144)
(110, 53)
(93, 51)
(80, 45)
(176, 123)
(190, 187)
(179, 153)
(154, 143)
(128, 122)
(107, 105)
(82, 76)
(147, 140)
(116, 109)
(277, 262)
(259, 249)
(268, 277)
(123, 121)
(91, 87)
(105, 99)
(248, 179)
(247, 95)
(121, 122)
(290, 276)
(278, 259)
(290, 298)
(81, 82)
(95, 92)
(110, 110)
(169, 175)
(151, 152)
(108, 106)
(260, 206)
(295, 295)
(292, 287)
(109, 108)
(262, 160)
(134, 134)
(151, 148)
(104, 97)
(88, 82)
(187, 195)
(131, 131)
(97, 95)
(182, 182)
(195, 154)
(202, 203)
(158, 110)
(95, 88)
(62, 58)
(72, 75)
(56, 54)
(63, 60)
(48, 47)
(51, 50)
(55, 55)
(74, 73)
(94, 84)
(116, 79)
(68, 70)
(58, 56)
(115, 62)
(69, 68)
(68, 71)
(71, 68)
(84, 81)
(81, 67)
(80, 53)
(142, 85)
(147, 127)
(143, 153)
(87, 83)
(88, 93)
(92, 91)
(62, 61)
(55, 53)
(74, 79)
(50, 49)
(57, 56)
(94, 54)
(68, 45)
(69, 50)
(69, 48)
(108, 91)
(106, 81)
(107, 72)
(91, 81)
(92, 88)
(88, 93)
(122, 129)
(128, 131)
(128, 131)
(52, 54)
(45, 43)
(43, 40)
(55, 51)
(56, 55)
(53, 48)
(39, 38)
(51, 49)
(92, 88)
(51, 49)
(100, 100)
(41, 40)
(48, 50)
(43, 43)
(38, 38)
(79, 72)
(63, 60)
(56, 53)
(81, 76)
(81, 80)
(81, 80)
(60, 56)
(63, 60)
(71, 69)
(142, 142)
(146, 144)
(145, 142)
(143, 88)
(140, 105)
(142, 97)
(71, 64)
(69, 64)
(74, 64)
(41, 41)
(52, 52)
(36, 36)
(61, 60)
(60, 56)
(61, 60)
(44, 43)
(39, 37)
(35, 34)
(56, 54)
(54, 52)
(57, 54)
(91, 93)
(87, 93)
(87, 93)
(46, 35)
(46, 36)
(46, 36)
(29, 29)
(28, 29)
(75, 48)
(72, 46)
(80, 51)
(60, 50)
(54, 48)
(55, 48)
(64, 46)
(64, 44)
(67, 45)
(61, 58)
(60, 58)
(62, 60)
(61, 56)
(60, 50)
(55, 49)
(64, 49)
(63, 51)
(67, 48)
(213, 112)
(214, 86)
(211, 64)
(71, 70)
(60, 59)
(64, 64)
(34, 31)
(41, 38)
(43, 41)
(51, 48)
(49, 47)
(49, 48)
(57, 48)
(53, 47)
(51, 44)
(43, 41)
(42, 41)
(41, 40)
(492, 489)
(501, 494)
(492, 453)
(164, 170)
(167, 168)
(170, 169)
(134, 140)
(135, 139)
(133, 136)
(57, 58)
(57, 58)
(56, 56)
(157, 112)
(154, 131)
(151, 146)
(74, 69)
(74, 71)
(76, 80)
(91, 52)
(76, 44)
(104, 62)
(96, 57)
(85, 47)
(46, 47)
(48, 47)
(48, 48)
(39, 37)
(39, 34)
(40, 36)
(73, 75)
(80, 85)
(59, 61)
(118, 117)
(118, 118)
(118, 118)
(69, 68)
(79, 75)
(86, 80)
(118, 120)
(119, 127)
(119, 122)
(92, 76)
(88, 75)
(87, 73)
(59, 59)
(64, 63)
(71, 70)
(73, 75)
(69, 72)
(80, 85)
(63, 61)
(72, 68)
(80, 75)
(71, 64)
(64, 59)
(69, 61)
(60, 55)
(67, 60)
(72, 64)
(51, 49)
(47, 45)
(48, 47)
(57, 52)
(58, 55)
(53, 49)
(72, 70)
(73, 68)
(71, 64)
(46, 40)
(46, 40)
(45, 42)
(44, 40)
(84, 57)
(85, 53)
(83, 50)
(189, 91)
(64, 61)
(73, 71)
(194, 97)
(76, 75)
(63, 62)
(91, 42)
(54, 46)
(145, 124)
(158, 94)
(60, 64)
(63, 40)
(55, 35)
(49, 34)
(143, 116)
(60, 53)
(146, 154)
(108, 58)
(97, 99)
(106, 88)
(82, 81)
(142, 144)
(108, 108)
(148, 82)
(107, 50)
(116, 84)
(75, 69)
(54, 56)
(76, 83)
(63, 67)
(86, 86)
(87, 87)
(68, 70)
(57, 57)
(92, 96)
(73, 75)
(61, 62)
(91, 88)
(87, 88)
(88, 88)
(103, 69)
(56, 58)
(50, 51)
(112, 75)
(72, 68)
(115, 58)
(128, 71)
(54, 54)
(63, 63)
(81, 80)
(59, 58)
(51, 50)
(45, 43)
(49, 49)
(58, 57)
(88, 91)
(68, 67)
(53, 54)
(68, 71)
(57, 56)
(59, 59)
(109, 67)
(116, 107)
(108, 120)
(184, 151)
(231, 215)
(236, 256)
(54, 43)
(59, 59)
(61, 58)
(44, 42)
(45, 46)
(45, 43)
(63, 59)
(75, 69)
(103, 92)
(105, 83)
(105, 99)
(110, 110)
(134, 86)
(59, 63)
(56, 57)
(117, 115)
(68, 64)
(60, 59)
(116, 109)
(97, 92)
(84, 81)
(46, 47)
(45, 45)
(39, 37)
(70, 67)
(60, 55)
(67, 61)
(72, 68)
(75, 75)
(83, 82)
(81, 70)
(70, 62)
(75, 68)
(45, 47)
(47, 50)
(46, 46)
(73, 63)
(75, 68)
(73, 64)
(76, 69)
(81, 74)
(71, 67)
(59, 57)
(61, 59)
(75, 79)
(50, 47)
(49, 45)
(51, 48)
(64, 60)
(93, 86)
(62, 58)
(105, 99)
(100, 96)
(109, 104)
(106, 95)
(99, 92)
(106, 104)
(133, 123)
(129, 98)
(129, 110)
(86, 72)
(87, 79)
(86, 82)
(133, 123)
(133, 122)
(130, 110)
(129, 119)
(131, 121)
(134, 116)
(45, 44)
(46, 43)
(44, 42)
(57, 59)
(53, 55)
(49, 50)
(67, 61)
(67, 58)
(67, 57)
(122, 68)
(124, 86)
(123, 80)
(156, 140)
(160, 128)
(165, 104)
(49, 44)
(49, 44)
(48, 45)
(41, 39)
(40, 38)
(41, 38)
(80, 80)
(81, 71)
(80, 74)
(223, 120)
(216, 133)
(216, 147)
(140, 92)
(145, 116)
(142, 103)
(273, 212)
(276, 182)
(278, 153)
(63, 61)
(54, 53)
(58, 57)
(52, 51)
(259, 196)
(254, 216)
(250, 235)
(58, 58)
(60, 56)
(59, 56)
(82, 80)
(83, 82)
(84, 80)
(99, 97)
(99, 97)
(100, 98)
(96, 41)
(95, 54)
(94, 48)
(92, 84)
(91, 88)
(91, 86)
(67, 60)
(64, 57)
(60, 56)
(49, 50)
(47, 48)
(50, 51)
(46, 46)
(43, 41)
(48, 50)
(50, 51)
(81, 73)
(79, 75)
(80, 74)
(56, 54)
(68, 64)
(96, 73)
(157, 100)
(169, 156)
(88, 82)
(80, 82)
(68, 67)
(56, 57)
(107, 105)
(108, 107)
(105, 104)
(57, 50)
(67, 58)
(108, 47)
(164, 68)
(100, 92)
(63, 58)
(60, 58)
(73, 72)
(127, 73)
(145, 62)
(67, 60)
(79, 71)
(76, 76)
(128, 98)
(127, 123)
(74, 70)
(91, 91)
(62, 61)
(58, 56)
(64, 61)
(109, 67)
(55, 54)
(76, 74)
(62, 61)
(175, 182)
(170, 166)
(183, 190)
(67, 60)
(60, 55)
(108, 56)
(76, 82)
(62, 64)
(56, 54)
(41, 42)
(72, 49)
(86, 46)
(82, 70)
(83, 63)
(151, 79)
(85, 85)
(60, 59)
(71, 63)
(69, 75)
(127, 76)
(124, 122)
(71, 44)
(58, 35)
(71, 61)
(67, 45)
(53, 53)
(71, 73)
(85, 80)
(75, 54)
(164, 135)
(154, 169)
(110, 112)
(86, 79)
(85, 63)
(86, 60)
(57, 54)
(56, 55)
(55, 54)
(118, 119)
(79, 80)
(76, 76)
(105, 106)
(153, 154)
(143, 134)
(144, 132)
(142, 139)
(94, 97)
(111, 108)
(146, 140)
(82, 80)
(84, 83)
(82, 79)
(83, 82)
(83, 82)
(85, 83)
(117, 115)
(190, 177)
(144, 139)
(193, 181)
(116, 115)
(145, 140)
(105, 104)
(130, 124)
(170, 167)
(382, 352)
(362, 489)
(347, 529)
(251, 237)
(203, 190)
(223, 211)
(287, 296)
(235, 236)
(260, 263)
(70, 47)
(68, 45)
(68, 44)
(64, 41)
(70, 71)
(70, 74)
(72, 75)
(62, 57)
(62, 58)
(61, 56)
(61, 55)
(61, 55)
(61, 55)
(71, 70)
(72, 73)
(73, 79)
(44, 41)
(45, 42)
(43, 39)
(135, 121)
(176, 164)
(151, 139)
(64, 64)
(74, 74)
(70, 69)
(122, 112)
(139, 124)
(154, 142)
(95, 95)
(96, 92)
(97, 98)
(73, 63)
(71, 62)
(72, 62)
(165, 156)
(182, 175)
(144, 135)
(187, 132)
(182, 123)
(193, 134)
(111, 110)
(115, 112)
(119, 121)
(160, 157)
(122, 122)
(144, 143)
(127, 124)
(141, 135)
(148, 146)
(127, 120)
(98, 95)
(80, 73)
(131, 130)
(148, 152)
(117, 116)
(255, 49)
(243, 51)
(252, 48)
(104, 76)
(106, 76)
(111, 109)
(135, 140)
(120, 122)
(129, 127)
(147, 145)
(111, 111)
(120, 118)
(107, 103)
(96, 94)
(124, 111)
(146, 131)
(133, 121)
(111, 111)
(128, 128)
(151, 152)
(163, 168)
(128, 131)
(115, 116)
(92, 62)
(92, 56)
(156, 98)
(58, 55)
(60, 59)
(62, 63)
(128, 122)
(118, 112)
(166, 164)
(213, 212)
(271, 266)
(107, 105)
(96, 93)
(121, 119)
(134, 141)
(94, 92)
(145, 96)
(83, 79)
(176, 73)
(95, 94)
(106, 98)
(84, 79)
(182, 84)
(80, 82)
(217, 189)
(183, 123)
(63, 63)
(64, 57)
(61, 47)
(105, 94)
(103, 107)
(105, 107)
(178, 171)
(119, 115)
(76, 74)
(107, 104)
(106, 105)
(104, 94)
(103, 91)
(80, 70)
(146, 135)
(95, 91)
(97, 92)
(111, 107)
(107, 86)
(107, 111)
(272, 118)
(92, 81)
(72, 63)
(61, 60)
(81, 86)
(139, 121)
(62, 60)
(82, 76)
(133, 83)
(240, 241)
(155, 155)
(116, 117)
(213, 116)
(88, 84)
(110, 103)
(94, 81)
(122, 112)
(154, 144)
(129, 131)
(111, 110)
(231, 153)
(104, 98)
(212, 122)
(417, 189)
(165, 163)
(208, 207)
(169, 157)
(134, 127)
(235, 208)
(64, 62)
(80, 75)
(107, 94)
(181, 135)
(117, 105)
(127, 104)
(131, 111)
(110, 97)
(93, 84)
(51, 51)
(241, 131)
(241, 91)
(100, 97)
(121, 118)
(244, 123)
(67, 67)
(62, 60)
(55, 54)
(142, 131)
(100, 94)
(79, 73)
(73, 79)
(62, 64)
(52, 51)
(73, 75)
(192, 93)
(171, 152)
(228, 67)
(191, 67)
(117, 53)
(208, 196)
(139, 135)
(91, 92)
(88, 84)
(147, 133)
(70, 68)
(154, 136)
(92, 85)
(73, 68)
(127, 127)
(96, 96)
(64, 67)
(71, 74)
(240, 76)
(225, 117)
(79, 74)
(97, 95)
(64, 62)
(171, 163)
(116, 111)
(85, 81)
(134, 140)
(142, 147)
(136, 141)
(133, 133)
(139, 141)
(140, 144)
(55, 53)
(68, 67)
(48, 47)
(73, 74)
(87, 88)
(167, 106)
(53, 51)
(53, 52)
(53, 52)
(88, 87)
(85, 84)
(88, 88)
(91, 91)
(94, 91)
(88, 82)
(133, 79)
(94, 62)
(72, 52)
(118, 115)
(82, 80)
(63, 62)
(53, 54)
(117, 79)
(112, 87)
(53, 50)
(53, 41)
(52, 53)
(432, 164)
(332, 274)
(292, 251)
(94, 93)
(91, 84)
(86, 83)
(169, 163)
(155, 147)
(121, 119)
(130, 123)
(112, 107)
(97, 95)
(92, 91)
(86, 87)
(115, 121)
(106, 117)
(98, 115)
(79, 79)
(97, 96)
(129, 123)
(144, 140)
(131, 122)
(111, 109)
(178, 154)
(179, 155)
(177, 154)
(139, 122)
(109, 98)
(121, 108)
(131, 124)
(107, 103)
(116, 108)
(175, 156)
(203, 181)
(100, 95)
(95, 86)
(139, 122)
(141, 136)
(127, 123)
(111, 111)
(64, 71)
(62, 67)
(60, 62)
(116, 107)
(121, 110)
(109, 104)
(207, 207)
(128, 124)
(92, 87)
(223, 167)
(180, 139)
(135, 112)
(106, 91)
(103, 96)
(108, 115)
(99, 99)
(151, 153)
(195, 199)
(332, 147)
(136, 131)
(116, 109)
(145, 135)
(122, 115)
(103, 95)
(290, 284)
(296, 196)
(100, 104)
(119, 123)
(392, 227)
(316, 229)
(309, 248)
(271, 179)
(104, 104)
(87, 88)
(284, 123)
(100, 104)
(194, 121)
(92, 88)
(82, 79)
(108, 103)
(193, 94)
(95, 87)
(112, 107)
(199, 212)
(240, 241)
(254, 195)
(151, 148)
(151, 143)
(123, 92)
(217, 134)
(155, 108)
(131, 94)
(229, 141)
(170, 110)
(216, 135)
(110, 105)
(76, 73)
(103, 73)
(67, 64)
(79, 81)
(94, 93)
(110, 109)
(206, 121)
(69, 68)
(85, 81)
(117, 110)
(416, 239)
(220, 160)
(139, 83)
(154, 141)
(115, 104)
(92, 84)
(91, 85)
(110, 107)
(155, 153)
(171, 106)
(81, 83)
(63, 62)
(54, 53)
(62, 58)
(74, 70)
(142, 86)
(56, 56)
(67, 68)
(117, 80)
(148, 99)
(206, 123)
(115, 112)
(127, 128)
(139, 140)
(115, 91)
(143, 143)
(143, 142)
(145, 139)
(195, 187)
(140, 135)
(132, 115)
(130, 106)
(127, 122)
(92, 91)
(71, 69)
(148, 75)
(72, 68)
(62, 62)
(63, 63)
(128, 55)
(127, 43)
(145, 82)
(143, 62)
(68, 60)
(68, 67)
(100, 100)
(84, 83)
(73, 72)
(62, 59)
(95, 87)
(106, 83)
(105, 87)
(106, 85)
(115, 119)
(98, 98)
(86, 84)
(119, 119)
(127, 122)
(132, 131)
(129, 128)
(112, 115)
(122, 121)
(357, 295)
(352, 334)
(351, 310)
(70, 63)
(91, 81)
(127, 111)
(67, 60)
(76, 72)
(141, 72)
(72, 67)
(127, 64)
(130, 55)
(148, 103)
(181, 130)
(105, 70)
(230, 141)
(175, 112)
(119, 80)
(106, 59)
(139, 72)
(205, 103)
(97, 70)
(82, 56)
(73, 51)
(165, 110)
(206, 142)
(115, 80)
(169, 131)
(215, 157)
(322, 225)
(117, 81)
(166, 111)
(280, 188)
(116, 76)
(168, 111)
(309, 202)
(100, 63)
(151, 94)
(286, 171)
(110, 74)
(359, 241)
(160, 109)
(105, 70)
(144, 96)
(321, 225)
(116, 68)
(331, 166)
(172, 96)
(129, 85)
(94, 61)
(206, 139)
(280, 188)
(155, 106)
(118, 80)
(363, 254)
(176, 118)
(115, 75)
(302, 213)
(166, 111)
(112, 75)
(110, 71)
(109, 73)
(107, 79)
(127, 81)
(100, 63)
(177, 122)
(143, 111)
(116, 91)
(96, 70)
(160, 116)
(121, 84)
(103, 69)
(123, 95)
(96, 70)
(83, 58)
(166, 118)
(109, 70)
(121, 82)
(135, 108)
(109, 81)
(248, 94)
(103, 76)
(80, 55)
(71, 49)
(130, 92)
(130, 91)
(132, 98)
(176, 143)
(179, 128)
(179, 121)
(117, 79)
(99, 58)
(88, 55)
(82, 52)
(72, 48)
(117, 82)
(117, 83)
(118, 80)
(85, 56)
(86, 56)
(91, 60)
(88, 61)
(91, 63)
(88, 60)
(184, 134)
(187, 133)
(188, 129)
(122, 69)
(124, 100)
(127, 80)
(97, 72)
(98, 70)
(97, 63)
(97, 71)
(100, 75)
(97, 67)
(99, 82)
(97, 67)
(96, 62)
(220, 166)
(227, 176)
(236, 164)
(160, 136)
(157, 106)
(148, 94)
(105, 72)
(151, 106)
(338, 117)
(351, 256)
(338, 251)
(315, 224)
(192, 141)
(193, 145)
(199, 133)
(119, 87)
(116, 79)
(115, 81)
(132, 110)
(140, 99)
(95, 68)
(88, 49)
(168, 111)
(129, 80)
(165, 88)
(70, 53)
(81, 60)
(109, 75)
(85, 59)
(130, 96)
(136, 94)
(139, 94)
(141, 57)
(159, 71)
(147, 67)
(140, 103)
(121, 84)
(131, 92)
(108, 76)
(112, 80)
(100, 72)
(160, 73)
(82, 30)
(178, 87)
(81, 59)
(72, 48)
(75, 51)
(115, 88)
(115, 88)
(116, 86)
(119, 84)
(118, 82)
(118, 84)
(76, 54)
(82, 57)
(79, 56)
(115, 91)
(112, 70)
(118, 74)
(105, 73)
(108, 84)
(107, 71)
(106, 74)
(105, 74)
(107, 70)
(195, 140)
(130, 84)
(97, 62)
(158, 115)
(121, 81)
(96, 62)
(129, 73)
(119, 41)
(84, 58)
(242, 168)
(175, 119)
(129, 84)
(117, 76)
(96, 61)
(229, 94)
(104, 63)
(122, 75)
(266, 108)
(98, 69)
(122, 87)
(165, 127)
(264, 193)
(172, 118)
(131, 85)
(154, 107)
(193, 141)
(107, 72)
(215, 163)
(103, 72)
(70, 49)
(325, 244)
(321, 218)
(321, 213)
(141, 106)
(96, 67)
(74, 53)
(57, 43)
(82, 58)
(135, 100)
(56, 42)
(80, 56)
(182, 120)
(153, 111)
(96, 64)
(69, 48)
(201, 135)
(108, 69)
(72, 50)
(68, 48)
(94, 67)
(154, 118)
(60, 44)
(87, 59)
(163, 116)
(124, 93)
(79, 56)
(64, 49)
(154, 109)
(142, 98)
(103, 69)
(100, 71)
(84, 58)
(127, 88)
(120, 73)
(97, 60)
(165, 96)
(91, 62)
(88, 68)
(87, 61)
(128, 69)
(122, 68)
(154, 82)
(76, 55)
(92, 72)
(156, 104)
(183, 98)
(69, 54)
(74, 61)
(220, 164)
(156, 109)
(124, 88)
(98, 49)
(115, 95)
(100, 68)
(85, 67)
(64, 49)
(71, 55)
(275, 105)
(266, 147)
(75, 55)
(67, 50)
(60, 44)
(164, 74)
(69, 54)
(60, 48)
(59, 44)
(163, 88)
(68, 51)
(271, 112)
(85, 68)
(73, 52)
(72, 32)
(86, 42)
(108, 84)
(103, 50)
(103, 56)
(93, 61)
(107, 71)
(224, 82)
(56, 43)
(54, 39)
(51, 40)
(64, 47)
(75, 55)
(135, 75)
(69, 55)
(61, 50)
(143, 99)
(94, 58)
(108, 70)
(164, 104)
(84, 67)
(71, 54)
(69, 51)
(93, 61)
(108, 73)
(74, 60)
(79, 55)
(95, 71)
(84, 45)
(96, 49)
(135, 60)
(130, 104)
(135, 63)
(133, 82)
(187, 139)
(135, 93)
(106, 72)
(165, 111)
(165, 118)
(85, 52)
(240, 111)
(103, 70)
(123, 88)
(110, 84)
(93, 69)
(140, 97)
(121, 79)
(99, 60)
(166, 140)
(167, 121)
(166, 116)
(86, 58)
(73, 49)
(141, 68)
(193, 116)
(99, 64)
(133, 76)
(379, 153)
(155, 121)
(376, 203)
(153, 127)
(144, 107)
(169, 142)
(181, 141)
(133, 97)
(104, 73)
(225, 170)
(129, 87)
(165, 112)
(157, 110)
(97, 67)
(72, 51)
(131, 91)
(71, 48)
(87, 59)
(158, 112)
(132, 94)
(119, 85)
(159, 235)
(167, 216)
(166, 229)
(175, 457)
(165, 457)
(152, 464)
(199, 252)
(201, 272)
(201, 261)
(86, 189)
(80, 170)
(83, 188)
(166, 244)
(211, 314)
(133, 201)
(84, 111)
(75, 99)
(67, 88)
(71, 105)
(61, 93)
(57, 84)
(74, 112)
(61, 88)
(95, 141)
(136, 203)
(98, 142)
(62, 91)
(163, 235)
(93, 133)
(62, 88)
(196, 141)
(196, 112)
(194, 170)
(110, 171)
(105, 157)
(107, 163)
(127, 181)
(156, 226)
(202, 291)
(115, 157)
(109, 134)
(109, 142)
(147, 131)
(147, 112)
(148, 93)
(145, 207)
(82, 118)
(56, 80)
(84, 127)
(122, 193)
(70, 105)
(64, 96)
(97, 147)
(133, 202)
(72, 71)
(72, 70)
(70, 69)
(85, 69)
(83, 79)
(83, 83)
(112, 115)
(141, 155)
(98, 97)
(220, 231)
(158, 155)
(127, 127)
(238, 108)
(158, 82)
(129, 70)
(204, 145)
(206, 189)
(212, 153)
(110, 84)
(106, 82)
(112, 98)
(127, 123)
(122, 119)
(128, 120)
(226, 235)
(205, 188)
(200, 207)
(139, 140)
(142, 143)
(141, 141)
(156, 155)
(154, 155)
(148, 144)
(46, 43)
(47, 44)
(45, 45)
(189, 181)
(184, 179)
(189, 184)
(85, 112)
(85, 116)
(79, 118)
(148, 83)
(153, 85)
(144, 81)
(110, 88)
(159, 142)
(140, 118)
(148, 128)
(236, 231)
(187, 187)
(194, 193)
(111, 91)
(112, 87)
(103, 92)
(97, 91)
(96, 87)
(95, 91)
(148, 134)
(136, 124)
(129, 116)
(104, 97)
(95, 88)
(86, 83)
(100, 99)
(107, 106)
(111, 111)
(200, 176)
(169, 146)
(184, 157)
(132, 132)
(132, 130)
(130, 127)
(94, 71)
(95, 72)
(94, 73)
(184, 164)
(179, 99)
(168, 71)
(88, 85)
(82, 80)
(69, 68)
(73, 74)
(75, 81)
(81, 85)
(110, 110)
(111, 109)
(112, 109)
(182, 180)
(188, 188)
(195, 196)
(321, 338)
(356, 333)
(241, 260)
(239, 248)
(238, 227)
(152, 148)
(230, 218)
(295, 194)
(182, 205)
(495, 321)
(516, 266)
(133, 122)
(91, 75)
(235, 111)
(194, 145)
(135, 122)
(151, 115)
(302, 235)
(148, 153)
(109, 112)
(154, 155)
(145, 167)
(141, 135)
(97, 96)
(134, 107)
(147, 118)
(301, 280)
(368, 387)
(333, 295)
(47, 46)
(131, 135)
(151, 158)
(344, 344)
(196, 169)
(171, 172)
(184, 164)
(144, 129)
(100, 94)
(91, 74)
(97, 57)
(63, 56)
(92, 76)
(104, 95)
(119, 118)
(184, 188)
(117, 115)
(85, 83)
(252, 260)
(179, 180)
(124, 123)
(191, 180)
(151, 145)
(123, 120)
(324, 332)
(142, 140)
(181, 181)
(116, 129)
(88, 86)
(212, 211)
(88, 95)
(68, 70)
(58, 58)
(168, 123)
(223, 160)
(361, 248)
(85, 60)
(440, 217)
(99, 109)
(63, 64)
(76, 81)
(123, 121)
(128, 127)
(129, 128)
(122, 141)
(117, 111)
(98, 73)
(120, 118)
(94, 104)
(192, 160)
(128, 128)
(136, 119)
(193, 141)
(188, 182)
(152, 136)
(115, 129)
(142, 105)
(133, 97)
(119, 111)
(267, 176)
(87, 87)
(104, 111)
(143, 121)
(136, 115)
(146, 146)
(111, 97)
(83, 72)
(255, 263)
(229, 214)
(310, 254)
(303, 303)
(380, 243)
(399, 156)
(241, 236)
(153, 156)
(99, 103)
(157, 153)
(155, 128)
(148, 106)
(97, 60)
(130, 76)
(201, 120)
(166, 134)
(169, 120)
(168, 100)
(190, 117)
(117, 70)
(88, 61)
(99, 67)
(103, 60)
(98, 69)
(98, 61)
(98, 67)
(100, 62)
(211, 151)
(219, 145)
(230, 136)
(274, 175)
(273, 156)
(276, 143)
(120, 97)
(93, 70)
(75, 57)
(55, 40)
(76, 51)
(117, 73)
(132, 73)
(93, 49)
(80, 44)
(108, 72)
(109, 74)
(111, 75)
(100, 74)
(100, 76)
(106, 87)
(183, 123)
(181, 119)
(181, 130)
(392, 295)
(211, 143)
(143, 97)
(202, 134)
(204, 132)
(207, 147)
(379, 285)
(155, 104)
(107, 73)
(115, 54)
(105, 52)
(129, 59)
(117, 74)
(116, 73)
(112, 72)
(148, 103)
(154, 107)
(153, 112)
(133, 111)
(134, 105)
(135, 97)
(140, 76)
(127, 72)
(286, 191)
(290, 184)
(298, 180)
(106, 32)
(100, 32)
(106, 32)
(158, 79)
(131, 69)
(100, 53)
(167, 139)
(176, 139)
(181, 128)
(103, 76)
(100, 70)
(100, 68)
(94, 60)
(112, 67)
(103, 63)
(348, 211)
(216, 134)
(135, 94)
(97, 70)
(135, 107)
(118, 87)
(243, 93)
(171, 62)
(130, 60)
(373, 268)
(157, 109)
(120, 83)
(129, 87)
(128, 96)
(105, 60)
(235, 182)
(154, 108)
(224, 151)
(513, 183)
(212, 141)
(139, 92)
(141, 83)
(93, 64)
(280, 164)
(99, 60)
(140, 80)
(202, 51)
(166, 44)
(105, 43)
(288, 155)
(120, 58)
(136, 63)
(232, 156)
(97, 60)
(133, 86)
(155, 98)
(121, 76)
(99, 63)
(99, 71)
(97, 56)
(98, 46)
(76, 52)
(88, 59)
(156, 72)
(180, 84)
(93, 74)
(80, 63)
(243, 155)
(144, 87)
(103, 63)
(230, 238)
(159, 164)
(124, 124)
(179, 171)
(135, 134)
(109, 107)
(262, 262)
(179, 177)
(136, 135)
(167, 170)
(120, 119)
(93, 91)
(223, 223)
(180, 148)
(287, 319)
(163, 168)
(127, 129)
(105, 106)
(146, 148)
(123, 123)
(104, 104)
(168, 178)
(134, 135)
(112, 112)
(72, 71)
(76, 74)
(79, 81)
(98, 57)
(98, 61)
(99, 67)
(250, 253)
(231, 231)
(58, 57)
(59, 58)
(58, 56)
(118, 115)
(132, 128)
(122, 120)
(82, 54)
(80, 54)
(81, 51)
(105, 108)
(87, 88)
(97, 98)
(59, 52)
(57, 52)
(54, 55)
(99, 56)
(103, 61)
(97, 55)
(175, 179)
(160, 167)
(140, 143)
(104, 118)
(106, 97)
(104, 115)
(84, 82)
(93, 88)
(88, 85)
(62, 61)
(67, 63)
(70, 69)
(107, 110)
(93, 85)
(97, 94)
(93, 95)
(105, 109)
(82, 84)
(128, 140)
(107, 110)
(275, 200)
(122, 131)
(100, 107)
(400, 200)
(164, 169)
(129, 130)
(107, 105)
(104, 99)
(214, 225)
(208, 123)
(145, 158)
(100, 100)
(432, 224)
(235, 237)
(152, 152)
(100, 103)
(220, 219)
(131, 129)
(91, 91)
(287, 301)
(176, 177)
(120, 119)
(75, 74)
(91, 92)
(106, 111)
(273, 224)
(142, 156)
(105, 108)
(68, 73)
(73, 87)
(59, 60)
(60, 60)
(259, 252)
(94, 94)
(133, 143)
(81, 80)
(60, 60)
(100, 99)
(124, 128)
(180, 184)
(110, 118)
(75, 76)
(57, 57)
(52, 52)
(70, 68)
(83, 82)
(321, 310)
(122, 120)
(82, 83)
(105, 110)
(96, 98)
(214, 200)
(133, 127)
(119, 112)
(59, 55)
(83, 81)
(53, 52)
(63, 61)
(59, 59)
(69, 70)
(95, 99)
(59, 58)
(60, 58)
(56, 54)
(135, 133)
(123, 124)
(120, 117)
(83, 49)
(84, 41)
(81, 46)
(106, 109)
(98, 98)
(86, 88)
(177, 175)
(159, 157)
(194, 193)
(98, 105)
(94, 99)
(92, 93)
(88, 91)
(83, 84)
(92, 93)
(99, 97)
(88, 87)
(93, 91)
(159, 155)
(128, 128)
(96, 94)
(190, 107)
(91, 82)
(108, 100)
(81, 75)
(93, 86)
(122, 118)
(121, 118)
(95, 94)
(164, 167)
(334, 177)
(344, 357)
(339, 298)
(166, 170)
(95, 95)
(121, 120)
(93, 61)
(107, 72)
(207, 105)
(104, 69)
(99, 67)
(108, 74)
(216, 108)
(204, 109)
(201, 122)
(98, 81)
(99, 70)
(95, 67)
(230, 158)
(242, 171)
(225, 164)
(241, 252)
(56, 55)
(106, 105)
(215, 219)
(116, 112)
(165, 159)
(265, 277)
(116, 112)
(73, 74)
(135, 135)
(127, 129)
(144, 145)
(148, 153)
(132, 132)
(119, 118)
(108, 122)
(99, 111)
(104, 117)
(84, 93)
(68, 70)
(57, 58)
(212, 229)
(136, 140)
(87, 86)
(283, 290)
(202, 203)
(134, 134)
(215, 223)
(141, 142)
(118, 117)
(112, 107)
(155, 147)
(217, 215)
(206, 208)
(135, 136)
(476, 295)
(120, 116)
(170, 159)
(229, 217)
(227, 226)
(128, 124)
(81, 79)
(193, 189)
(151, 146)
(124, 121)
(106, 105)
(175, 127)
(177, 96)
(192, 120)
(148, 103)
(118, 86)
(263, 130)
(107, 107)
(73, 71)
(52, 53)
(58, 61)
(107, 83)
(217, 215)
(116, 112)
(69, 67)
(52, 54)
(59, 62)
(111, 95)
(85, 80)
(67, 67)
(56, 55)
(51, 50)
(61, 58)
(105, 61)
(71, 69)
(57, 56)
(147, 151)
(104, 100)
(72, 72)
(81, 80)
(76, 64)
(51, 51)
(127, 119)
(94, 87)
(71, 69)
(70, 71)
(95, 80)
(61, 58)
(86, 82)
(42, 39)
(131, 131)
(71, 72)
(51, 51)
(134, 136)
(97, 98)
(80, 80)
(52, 48)
(74, 68)
(59, 55)
(40, 36)
(39, 36)
(42, 42)
(260, 260)
(194, 192)
(143, 143)
(83, 59)
(83, 70)
(83, 63)
(43, 42)
(48, 48)
(57, 56)
(168, 167)
(79, 76)
(59, 61)
(178, 175)
(98, 96)
(70, 67)
(27, 27)
(41, 45)
(33, 45)
(43, 44)
(45, 44)
(43, 43)
(58, 58)
(63, 62)
(69, 71)
(47, 46)
(46, 46)
(46, 46)
(41, 41)
(50, 49)
(46, 47)
(40, 38)
(37, 35)
(38, 37)
(37, 36)
(44, 50)
(38, 39)
(40, 37)
(39, 36)
(37, 35)
(37, 35)
(34, 33)
(28, 25)
(28, 25)
(29, 26)
(22, 21)
(22, 22)
(23, 21)
(48, 47)
(46, 46)
(45, 45)
(37, 36)
(38, 40)
(37, 37)
(32, 31)
(30, 32)
(31, 31)
(33, 31)
(29, 32)
(31, 30)
(26, 24)
(26, 25)
(25, 24)
(26, 24)
(27, 25)
(26, 25)
(37, 34)
(37, 38)
(37, 35)
(44, 37)
(45, 37)
(44, 38)
(37, 36)
(38, 35)
(37, 33)
(50, 49)
(48, 46)
(53, 53)
(51, 49)
(52, 51)
(55, 54)
(27, 27)
(29, 27)
(28, 26)
(29, 28)
(44, 43)
(45, 44)
(45, 42)
(68, 64)
(59, 58)
(63, 61)
(39, 36)
(38, 36)
(41, 37)
(40, 38)
(39, 37)
(40, 39)
(43, 42)
(60, 58)
(64, 62)
(50, 49)
(48, 48)
(47, 45)
(51, 50)
(53, 53)
(48, 48)
(47, 45)
(86, 81)
(72, 70)
(60, 60)
(55, 54)
(48, 46)
(51, 50)
(46, 44)
(47, 46)
(46, 44)
(44, 43)
(43, 41)
(41, 37)
(44, 41)
(51, 49)
(53, 54)
(47, 46)
(74, 71)
(82, 79)
(51, 49)
(46, 45)
(44, 44)
(105, 84)
(93, 75)
(82, 70)
(52, 53)
(60, 60)
(73, 75)
(83, 84)
(87, 87)
(68, 64)
(55, 54)
(105, 95)
(93, 83)
(84, 75)
(62, 59)
(52, 50)
(46, 45)
(134, 63)
(67, 61)
(49, 48)
(62, 68)
(54, 56)
(47, 47)
(86, 91)
(68, 69)
(56, 57)
(71, 74)
(56, 58)
(48, 48)
(81, 82)
(63, 64)
(50, 50)
(71, 69)
(56, 49)
(70, 75)
(54, 56)
(49, 49)
(64, 67)
(54, 54)
(45, 47)
(39, 40)
(83, 59)
(82, 49)
(43, 44)
(110, 72)
(53, 56)
(47, 47)
(56, 55)
(48, 46)
(43, 43)
(127, 67)
(71, 70)
(54, 51)
(63, 55)
(51, 46)
(97, 60)
(97, 100)
(69, 69)
(51, 53)
(73, 74)
(59, 59)
(51, 50)
(123, 123)
(87, 86)
(103, 105)
(59, 47)
(54, 49)
(96, 50)
(72, 73)
(58, 59)
(50, 49)
(37, 36)
(39, 37)
(61, 40)
(81, 68)
(83, 80)
(82, 53)
(84, 83)
(58, 55)
(52, 51)
(70, 39)
(37, 37)
(123, 122)
(68, 71)
(57, 58)
(47, 47)
(62, 57)
(47, 48)
(108, 55)
(128, 130)
(83, 84)
(60, 58)
(165, 86)
(86, 91)
(60, 58)
(81, 43)
(81, 56)
(82, 36)
(132, 134)
(82, 80)
(59, 61)
(139, 141)
(87, 86)
(62, 61)
(121, 119)
(75, 74)
(55, 53)
(111, 67)
(39, 39)
(110, 56)
